 93.10232544  48.93763351  31.57392693
 91.85909271  54.73574829  28.61913300
 90.44055939  60.42485046  26.98542786
 90.66855621  66.27008820  25.77143860
 91.91864777  71.88317108  24.80024910
 92.57891083  76.61364746  24.74079895
 91.93488312  81.85512543  25.28584290
 91.68344879  86.40206909  26.74263000
 91.16336060  90.85256195  28.96617508
 86.74447632  93.37635803  31.35578346
 81.37806702  93.49394226  34.00249863
 75.14324951  88.87498474  34.28297424
 70.90084839  84.33232117  34.04706573
 69.26128387  79.70895386  32.33428955
 69.69470215  74.67287445  30.74879074
 70.79295349  69.31449890  30.14179611
 71.12458801  63.88766479  30.26319504
 71.87375641  58.44194031  30.62739182
 74.52878571  55.10258484  31.01468086
 79.15203094  50.74380875  32.08417892
 83.35971069  47.33749008  33.12430573
 88.90070343  46.68411636  32.68508530
